0.029999999999999995 0.10025855121668895 0.11537277103707846
0.032461780308930606 0.09487607919652204 0.1112408725822664
0.03512557269417583 0.10004966428126338 0.11776944595971728
0.03800795413412361 0.0962502063964844 0.11543827444119037
0.04112686190312772 0.09661344689907356 0.1173927679421429
0.04450170519650199 0.09056811766394648 0.11307218682663703
0.048153485915388115 0.09063621669477254 0.1150100003164857
0.05210492936315047 0.0854202771056258 0.11182124740353658
0.056380625666631275 0.07683037283505947 0.1054296448482164
0.06100718280234129 0.07684121063758567 0.10782479323401109
0.06601339217987909 0.07738876420640375 0.11095893860077768
0.0714304078130171 0.06812405300107713 0.10450089419521755
0.07729194019344943 0.06045814396453906 0.09988120284709243
0.08363446607369196 0.06262361028383763 0.10535377688976895
0.09049745546462996 0.05684439391762162 0.1031659656540008
0.09792361726033504 0.0529663230488562 0.10318930567074294
0.10595916501869336 0.05464565288020899 0.10910832681565501
0.1146541045518183 0.04879610435988236 0.10786789485174897
0.12406254511594293 0.045897058400068816 0.1099817551359022
0.13424303613735106 0.04754425712683207 0.11708363793725618
0.14525893156981745 0.04294537494721491 0.11842329926152169
0.15717878415097997 0.04095052822912974 0.12289757994726729
0.17007677201113125 0.03792379612454193 0.1269225732994193
0.18403316028924738 0.03271243833866112 0.1294036098028426
0.19913480062892536 0.03119958935252805 0.13628886789978187
0.21547567166262913 0.029812260786339435 0.1440784811790746
0.2331574638477177 0.026871250203514347 0.15117579163799102
0.25229021229373483 0.026569638748023115 0.16186750060664837
0.2729929815190895 0.02433008709825213 0.17168302149554304
0.2953946063984213 0.023128708106141704 0.18372094450040838
0.31963449391161947 0.018998492239234922 0.1941557762694686
0.3458634906838403 0.01765515224873789 0.20886809169685214
0.3742448217152897 0.017594881770899008 0.22654799423217015
0.40495510614255464 0.015934502094349618 0.24454297125061183
0.43818545635264283 0.015008041894229829 0.26546515209581595
0.47414266728960003 0.013864137629610928 0.28870392587609783
0.5130505033548459 0.01239997607195752 0.31458230888005123
0.5551510909097092 0.011520465713523054 0.3445505195463132
0.6007064250458047 0.011001139301506573 0.3791043320978341
0.65 0.009763637808003146 0.41815565949804157
