0.029999999999999995 0.07346782922130173 0.08858204904169124
0.032461780308930606 0.08238856790429482 0.09875336129003918
0.03512557269417583 0.07283769270369614 0.09055747438215003
0.03800795413412361 0.07604558366304388 0.09523365170774985
0.04112686190312772 0.07170903610400212 0.09248835714707146
0.04450170519650199 0.06602684119838789 0.08853091036107844
0.048153485915388115 0.07152105669054505 0.09589484031225821
0.05210492936315047 0.07046658737024916 0.09686755766815994
0.056380625666631275 0.06363566282607287 0.0922349348392298
0.06100718280234129 0.05421282732569266 0.08519640992211808
0.06601339217987909 0.058266018798721154 0.09183619319309508
0.0714304078130171 0.05160509023307262 0.08798193142721304
0.07729194019344943 0.05060868838623578 0.09003174726878915
0.08363446607369196 0.054546783311874944 0.09727694991780626
0.09049745546462996 0.05154219605502273 0.0978637677914019
0.09792361726033504 0.04518077483169467 0.0954037574535814
0.10595916501869336 0.04224024671291117 0.09670292064835719
0.1146541045518183 0.03982432738995151 0.09889611788181812
0.12406254511594293 0.0333138881804918 0.09739858491632519
0.13424303613735106 0.035782663413386026 0.10532204422381013
0.14525893156981745 0.035727457208616795 0.11120538152292357
0.15717878415097997 0.029881477089005175 0.11182852880714272
0.17007677201113125 0.027283253948243224 0.11628203112312059
0.18403316028924738 0.027241781165924656 0.12393295263010615
0.19913480062892536 0.025934431648054295 0.1310237101953081
0.21547567166262913 0.021504626813823414 0.13577084720655858
0.2331574638477177 0.019119353680596873 0.14342389511507353
0.25229021229373483 0.020901095973857874 0.1561989578324831
0.2729929815190895 0.01876728046968784 0.16612021486697875
0.2953946063984213 0.016191836537712688 0.17678407293197937
0.31963449391161947 0.014766573056726934 0.1899238570869606
0.3458634906838403 0.014758718900733176 0.20597165834884743
0.3742448217152897 0.014060991420400121 0.22301410388167126
0.40495510614255464 0.01143087533287685 0.24003934448913905
0.43818545635264283 0.012324040395486591 0.2627811505970727
0.47414266728960003 0.01150928789891002 0.28634907614539695
0.5130505033548459 0.010523875951140894 0.3127062087592346
0.5551510909097092 0.009004603016831859 0.34203465684962203
0.6007064250458047 0.008047547139764067 0.3761507399360916
0.65 0.007652307056336072 0.4160443287463745
