0.2 0.0007963616786262212 0.03318784972912066
0.2603521176946864 0.0007645325467669135 0.02313249933375785
0.3389161259405391 0.001100579978435546 0.03417254701552528
0.441187655547492 0.0014423406105607143 0.031915886647712395
0.5743207021127169 0.001772722480513718 0.042441786838299134
0.7476280551547251 0.0023946642355462807 0.043580356247156234
0.9732327370374623 0.0027889662014943463 0.05106334145388074
1.2669160204874954 0.0036657292669536774 0.055855807727303065
1.6492213443762207 0.004828896610737504 0.06590823647039093
2.1468913477781335 0.006134179066730067 0.07271446618817481
2.7947385442721826 0.007937082854392444 0.08550774604866099
3.6380804920211385 0.009093485163071393 0.097883561861378
4.73590980220715 0.012252058068049363 0.1218736334435669
6.165020731078274 0.014683934042532952 0.13249572145802233
8.02538101483936 0.017893650770743348 0.1309414604195787
10.447124712600793 0.0206099064998362 0.14619344703024423
13.59965521373054 0.024090576668884246 0.1643802078472499
17.703495174061644 0.027906992479120183 0.18802333405548094
23.04571229582306 0.03471653892224029 0.20821850891717225
29.999999999999996 0.04071432646133421 0.20850460879022453
